3
6 13 -17 2
13 29 -38 4
-17 -38 50 -5
3
1 2 1 1
-1 -2 2 1
0 1 1 2
3
2.30 5.70 -0.80 -6.49
3.50 -2.70 5.30 19.20
1.70 2.30 -1.80 -5.09
3
2.75 1.78 1.11 15.71
3.28 0.71 1.15 43.78
1.15 2.70 3.58 37.11
3
8.64 1.71 5.42 10.21
-6.39 4.25 1.84 3.41
4.21 7.92 -3.41 12.29
3
21.547 95.51 -96.121 -49.930
10.223 91.06 -7.343 -12.465
51.218 12.264 86.457 60.812
3
2.60 -4.50 -2.00 19.07
3.00 3.00 4.30 3.21
-6.00 3.50 3.00 -18.25
3
2.31 31.49 1.52 40.95
4.21 22.42 3.85 30.24
3.49 4.85 28.72 42.81
3
2.50 -3.00 4.60 -1.05
-3.50 2.60 1.50 -14.46
-6.50 -3.50 7.30 -17.73
3
0.14 0.24 -0.84 1.11
1.07 -0.83 0.56 0.48
0.64 0.43 -0.38 -0.83
3
2.74 -1.18 3.17 2.18
1.12 0.83 -2.16 -1.15
0.81 1.27 0.76 3.23
3
1.80 2.50 4.60 2.20
3.10 2.30 -1.20 3.60
4.51 -1.80 3.60 -1.70
4
2.0 1.0 -0.1 1.0 1.0
0.4 0.5 4.0 -8.5 2.0
0.3 -1.0 1.0 5.2 3.0
1.0 0.2 2.5 -1.0 -1.0
4
2.21 3.65 1.69 6.99 -8.35
8.30 2.62 4.10 1.90 -10.65
3.92 8.45 7.78 2.46 12.21
3.77 7.21 8.04 2.28 15.45
4
3.81 0.25 1.28 0.75 4.21
2.25 1.32 4.58 0.49 6.47
5.31 6.28 0.98 1.04 2.38
9.39 2.45 3.35 2.28 10.48
4
7.90 5.60 5.70 -7.20 6.68
8.50 -4.80 0.80 3.50 9.95
4.30 4.20 -3.20 9.30 8.60
3.20 -1.40 -8.90 3.30 1.00
4
0.158 1.1675 0.1768 0.1871 1.6471
0.196 0.2071 1.2168 0.2271 1.7471
0.236 0.2471 0.2568 1.2671 1.8471
1.116 0.1254 0.1397 0.1490 1.5471
4
4.11 -1.26 -5.99 1.29 -0.75
-1.26 2.00 4.00 0.00 1.08
3.18 -1.97 0.49 -1.00 3.38
1.29 3.81 -1.56 0.00 0.87
4
1 1 1 1 10
1 2 -2 3 11
2 0 1 0 5
3 1 2 2 19
4
2 3 11 5 2
1 1 5 2 1
2 1 3 2 -3
1 1 3 4 -3
-1
